50
2 1 2
2 41 98
121 60 57 41 54 54 39 41 50 53 58 49 44 46 53 67 52 70 55 60 50 45 50 70 61 73 38 57 61 60 47 74 53 74 46 44 54 42 44 40 44 62 50 75 40 68 54 69 55 76 43 48 72 45 45 45 65 47 50 41 40 57 47 48 45 43 74 60 52 67 54 60 74 76 67 68 56 63 54 62 72 66 68 73 44 44 60 64 71 41 60 68 58 45 60 55 76 41 75 68 47 51 56 64 76 44 66 45 42 76 40 40 50 46 47 72 55 69 47 74 68 44
179 0 0 0 0 0 0 0 0 0 0 0 0 0 0 0 0 0 0 0 0 0 0 0 0 0 0 0 0 0 0 0 0 0 0 0 0 0 0 0 0 0 0 0 0 0 0 0 0 67 0 0 0 0 0 0 0 0 0 0 0 0 0 0 0 0 0 0 0 0 0 0 0 0 0 0 0 0 0 0 0 0 0 0 0 0 0 0 0 0 0 0 0 0 0 0 0 0 0 0 0 0 0 0 0 0 0 0 0 0 0 0 0 0 0 0 0 0 0 0 0 0 0 0 0 0 0 0 0 0 0 0 0 0 0 0 0 0 0 0 0 0 0 0 0 0 0 0 0 0 0 0 0 0 0 0 0 0 0 0 0 0 0 0 0 0 0 0 0 0 0 0 0 0 0 0 0 0 0 0
200 100 100 100 100 100 100 100 100 100 100 100 100 100 100 100 100 100 100 100 100 100 100 100 100 100 100 100 100 100 100 100 100 100 100 100 100 100 100 100 100 100 100 100 100 100 100 100 100 100 100 100 100 100 100 100 100 100 100 100 100 100 100 100 100 100 100 100 100 100 100 100 100 100 100 100 100 100 100 100 100 100 100 100 100 100 100 100 100 100 100 100 100 100 100 100 100 100 100 100 100 100 100 100 100 100 100 100 100 100 100 100 100 100 100 100 100 100 100 100 100 100 100 100 100 100 100 100 100 100 100 100 100 100 100 100 100 100 100 100 100 100 100 100 100 100 100 100 100 100 100 100 100 100 100 100 100 100 100 100 100 100 100 100 100 100 100 100 100 100 100 100 100 100 100 100 100 100 100 100 100 100 100 100 100 100 100 100 100 100 100 100 100 100 100 100 100 100 100 100 100
2 51 81
137 91 92 66 48 51 72 73 71 51 65 62 91 71 79 50 56 63 90 64 47 92 71 55 50 55 87 75 55 90 80 70 92 63 84 52 78 68 54 90 86 85 66 65 86 49 48 88 64 80 79 72 47 90 75 53 79 52 57 85 88 90 85 58 67 69 84 87 91 87 64 70 74 86 87 89 52 58 60 49 73 66 50 65 72 85 46 54 71 59 61 79 65 66 65 70 51 73 54 85 88 67 55 74 48 66 50 91 72 64 64 52 75 60 57 56 47 47 52 52 72 62 66 51 86 92 91 70 86 75 47 71 46 89 70 72 52 69
101 62 88 53 66 70 67 62 70 50 51 95 59 89 73 90 50 75 92 83 76 96 58 85 87 95 60 87 69 91 80 53 69 74 69 81 67 90 58 88 89 56 77 94 95 81 84 96 77 88 72 81 79 93 97 86 61 77 78 58 93 66 80 91 77 95 86 61 88 57 82 82 93 68 60 89 82 93 64 75 98 92 82 62 80 97 49 93 57 52 59 66 60 93 80 72 57 84 73 94 95 71
143 97 0 0 97 96 96 1 0 0 96 1 96 0 97 96 0 0 1 96 0 97 1 96 96 0 1 1 97 97 97 0 97 0 97 1 1 0 97 1 97 96 97 0 96 97 0 97 97 1 0 1 96 97 0 97 1 96 1 1 97 96 0 97 97 97 97 96 0 0 96 0 97 97 97 1 96 97 1 0 96 0 96 0 1 1 1 97 0 96 96 97 96 97 1 0 96 97 97 0 97 97 97 96 0 0 0 96 96 96 1 0 1 97 1 1 96 96 1 97 1 0 1 0 1 0 0 97 97 96 1 0 97 1 1 1 0 97 96 0 96 0 0 1
2 74 46
200 69 62 44 66 58 63 39 50 50 47 48 48 47 44 61 39 70 67 54 45 77 78 71 70 69 63 78 55 70 40 53 77 71 61 51 48 42 72 56 55 64 68 77 56 51 62 70 76 40 39 75 75 66 39 47 64 61 44 63 55 44 78 75 61 57 75 67 49 60 61 67 60 65 48 61 71 64 64 45 72 51 51 73 57 49 65 70 69 77 46 55 77 62 58 44 76 52 49 66 58 59 40 49 53 42 41 41 78 78 76 44 69 45 60 78 78 50 46 65 67 73 51 49 45 62 61 46 65 75 61 73 56 44 43 61 39 65 54 54 54 51 51 71 43 73 66 64 70 57 78 55 70 65 41 39 76 59 63 70 71 51 53 76 63 54 72 67 75 40 72 39 53 64 54 77 47 66 66 72 57 60 70 48 75 74 44 68 44 78 50 65 47 42 49 54 59 61 62 58 76
194 96 96 96 96 96 96 96 96 96 96 96 96 96 96 96 96 96 96 96 96 96 96 96 96 96 96 96 96 96 96 96 96 96 96 96 96 96 96 96 96 96 96 96 96 96 96 96 96 96 96 96 96 96 96 96 96 96 96 96 96 96 96 96 96 96 96 96 96 96 96 96 96 96 96 96 96 96 96 96 96 96 96 96 96 96 96 96 96 96 96 96 96 96 96 96 96 96 96 96 96 96 96 96 96 96 96 96 96 96 96 96 96 96 96 96 96 96 96 96 96 96 96 96 96 96 96 96 96 96 96 96 96 96 96 96 96 96 96 96 96 96 96 96 96 96 96 96 96 96 96 96 96 96 96 96 96 96 96 96 96 96 96 96 96 96 96 96 96 96 96 96 96 96 96 96 96 96 96 96 96 96 96 96 96 96 96 96 96 96 96 96 96 96 96
152 0 0 0 0 0 0 0 0 0 0 0 0 0 0 0 0 0 0 0 0 0 0 0 0 0 0 0 0 0 0 0 0 0 0 0 0 0 0 0 0 0 0 0 0 0 0 0 0 0 0 0 0 0 0 0 0 0 0 0 0 0 0 0 0 0 0 0 0 0 0 0 0 0 0 0 0 0 0 0 0 0 0 0 0 0 0 0 0 0 0 0 0 0 0 0 0 0 0 0 0 0 88 0 0 0 0 0 0 0 0 0 0 0 0 0 0 0 0 0 0 0 0 0 0 0 0 0 0 0 0 0 0 0 0 0 0 0 0 0 0 0 0 0 0 0 0 0 0 0 0 0 0
116 47 49 50 49 45 45 49 46 48 50 49 45 45 49 50 47 46 50 47 47 49 46 49 45 100 45 47 47 50 47 50 49 49 47 49 47 48 47 50 45 47 50 49 47 45 48 49 45 46 47 47 46 47 48 45 48 46 47 49 48 47 45 46 48 45 50 49 48 45 49 47 46 50 47 49 47 45 48 49 46 47 50 47 49 46 48 48 49 47 45 46 50 47 48 46 47 48 48 47 48 49 45 46 50 45 48 45 50 47 46 50 45 47 47 47 48
164 97 85 76 60 96 53 77 58 78 77 54 88 62 74 57 90 69 100 81 78 72 62 71 76 78 100 71 75 98 94 52 54 71 68 66 88 86 97 51 54 51 87 60 78 66 95 93 82 66 94 87 61 91 96 98 88 57 82 96 89 83 96 68 50 61 65 51 71 50 98 84 93 100 80 85 100 92 72 92 84 71 79 89 81 91 57 50 65 51 94 52 73 85 89 94 87 78 66 64 91 54 95 80 73 69 79 62 88 66 95 89 91 54 55 64 71 73 95 94 68 84 66 96 54 54 97 77 55 73 93 58 86 90 81 60 56 99 53 63 73 61 68 67 69 68 100 52 78 83 76 55 83 82 89 75 96 96 87 82 63 59 70 66 59
197 62 63 1 62 1 63 0 62 63 1 0 0 0 62 1 62 0 62 0 0 63 1 63 62 1 63 63 63 0 62 63 63 0 1 0 0 0 62 1 62 0 0 1 63 0 63 0 0 63 62 1 1 63 63 0 62 62 62 0 1 62 0 63 0 63 1 62 1 62 0 63 63 1 0 62 63 63 62 63 1 0 63 1 63 0 0 62 63 63 0 0 0 62 63 62 62 1 63 63 1 62 62 63 62 62 63 1 62 62 0 63 1 63 62 0 0 1 1 0 62 0 62 0 63 62 1 0 63 63 1 0 63 1 63 1 63 63 62 0 62 1 1 1 1 1 0 0 1 62 1 0 63 62 0 0 0 0 0 63 0 63 63 0 63 62 1 0 63 0 1 62 1 1 63 63 63 1 63 1 0 1 0 63 63 62 62 1 1 62 0 63 62 63 0 0 62 0
2 44 20
161 0 97 96 1 96 0 97 0 96 1 97 1 96 97 1 97 0 96 96 0 0 0 0 96 96 0 0 0 96 0 97 1 97 97 97 97 97 1 97 1 1 1 0 1 0 97 96 1 96 1 0 96 0 1 96 0 1 0 0 97 96 0 0 97 1 97 96 96 1 1 0 0 0 97 0 96 97 97 1 97 96 97 97 96 1 0 96 97 1 97 1 97 96 97 97 96 1 0 96 96 97 97 0 97 96 96 1 97 96 0 96 1 1 1 96 1 0 96 1 0 1 0 96 1 96 96 1 1 0 97 97 96 96 97 1 96 97 96 0 1 0 1 0 0 97 97 0 97 96 1 96 97 0 0 1 0 96 0 97 1 0
117 50 50 50 50 50 50 50 50 50 50 50 50 50 50 50 50 50 50 50 50 50 50 50 50 50 50 50 50 50 50 50 50 50 50 50 50 50 50 50 50 50 50 50 50 50 50 50 50 50 50 50 50 50 50 50 50 50 50 50 50 50 50 50 50 50 50 50 50 50 50 50 50 50 50 50 50 50 50 50 50 50 50 50 50 50 50 50 50 50 50 50 50 50 50 50 50 50 50 50 50 50 50 50 50 50 50 50 50 50 50 50 50 50 50 50 50 100
78 51 79 79 0 92 51 28 32 12 13 37 25 6 22 75 78 85 78 58 0 38 94 20 100 95 99 75 44 68 53 95 76 83 14 8 32 54 54 18 89 89 37 6 19 10 28 75 87 83 74 85 4 71 11 2 59 65 59 100 85 37 26 50 15 66 77 0 26 37 59 34 41 44 51 9 82 24 83
2 29 19
125 66 50 91 93 86 94 59 72 87 58 75 70 93 94 95 67 92 92 52 94 87 53 73 51 61 93 61 51 59 72 88 86 65 66 49 66 84 58 85 65 77 64 60 79 77 75 95 52 78 56 78 81 59 69 50 80 96 52 95 56 56 63 65 51 91 69 75 92 81 49 98 56 52 88 85 94 93 59 57 73 63 95 63 64 57 93 76 84 78 49 79 66 63 60 54 89 65 67 68 90 98 53 74 64 62 95 59 78 52 64 72 94 61 92 80 95 66 60 68 82 76 54 89 82 82
24 14 53 93 15 84 44 34 95 31 68 32 47 92 81 74 76 29 59 32 63 63 51 2 52
129 88 88 1 1 88 89 1 88 0 1 88 0 89 1 0 89 89 88 1 1 88 1 0 88 0 1 1 1 88 0 1 1 1 89 0 88 1 1 88 1 89 89 88 89 88 0 88 1 88 1 88 1 88 0 89 1 89 88 89 89 0 89 1 88 89 0 89 88 0 88 1 89 89 88 0 88 0 0 89 89 0 0 88 89 88 88 88 88 89 1 1 89 1 0 0 1 0 89 89 88 0 1 0 0 88 0 1 88 89 88 89 1 0 89 1 89 88 0 1 0 88 0 0 0 0 0 88 1 89
139 50 48 50 49 48 48 48 48 50 48 50 48 50 49 50 50 48 50 50 49 48 50 48 48 48 49 48 48 50 50 48 49 48 48 49 48 49 48 50 48 49 49 49 48 50 48 48 49 50 50 48 48 49 49 49 49 50 49 48 49 49 50 49 49 49 48 50 49 49 49 49 49 49 48 50 50 49 49 50 50 50 48 49 48 48 48 50 50 48 48 49 48 50 49 50 50 48 49 48 49 48 49 48 49 48 50 49 48 48 50 48 49 49 48 48 49 49 100 49 48 49 49 50 49 50 50 49 50 48 50 48 50 50 50 50 48 49 50 49
160 0 0 0 0 0 0 0 0 0 0 0 0 0 0 0 0 0 0 0 0 0 0 0 0 0 0 0 0 0 0 0 0 0 0 0 0 0 0 0 0 0 0 0 0 0 0 0 0 0 0 0 0 0 0 0 0 0 0 0 0 0 0 0 0 0 0 52 0 0 0 0 0 0 0 0 0 0 0 0 0 0 0 0 0 0 0 0 0 0 0 0 0 0 0 0 0 0 0 0 0 0 0 0 0 0 0 0 0 0 0 0 0 0 0 0 0 0 0 0 0 0 0 0 0 0 0 0 0 0 0 0 0 0 0 0 0 0 0 0 0 0 0 0 0 0 0 0 0 0 0 0 0 0 0 0 0 0 0 0 0
144 0 0 0 0 0 0 0 0 0 0 0 0 0 0 0 0 0 0 0 0 0 0 0 0 0 0 0 0 0 0 0 0 0 0 0 0 0 0 0 0 0 0 0 0 0 0 0 0 0 0 0 0 0 0 0 0 0 0 0 0 0 0 0 0 0 0 0 0 0 0 0 0 0 0 0 0 0 0 0 0 0 0 0 0 0 0 88 0 0 0 0 0 0 0 0 0 0 0 0 0 0 0 0 0 0 0 0 0 0 0 0 0 0 0 0 0 0 0 0 0 0 0 0 0 0 0 0 0 0 0 0 0 0 0 0 0 0 0 0 0 0 0 0 0
111 0 87 0 0 0 0 0 0 0 0 0 0 0 0 0 0 0 0 0 0 0 0 0 0 0 0 0 0 0 0 0 0 0 0 0 0 0 0 0 0 0 0 0 0 0 0 0 0 0 0 0 0 0 0 0 0 0 0 0 0 0 0 0 0 0 0 0 0 0 0 0 0 0 0 0 0 0 0 0 0 0 0 0 0 0 0 0 0 0 0 0 0 0 0 0 0 0 0 0 0 0 0 0 0 0 0 0 0 0 0 0
2 25 25
68 44 50 11 77 82 85 83 61 5 7 20 4 60 65 2 36 60 38 83 45 73 63 71 29 2 51 64 78 61 85 27 68 76 74 87 65 60 63 2 33 64 96 78 8 93 63 93 33 16 23 56 67 4 91 65 82 78 60 22 45 27 72 68 75 11 23 19 63
100 0 0 0 0 0 0 0 0 0 0 0 0 0 71 0 0 0 0 0 0 0 0 0 0 0 0 0 0 0 0 0 0 0 0 0 0 0 0 0 0 0 0 0 0 0 0 0 0 0 0 0 0 0 0 0 0 0 0 0 0 0 0 0 0 0 0 0 0 0 0 0 0 0 0 0 0 0 0 0 0 0 0 0 0 0 0 0 0 0 0 0 0 0 0 0 0 0 0 0 0
188 61 79 46 71 52 48 41 79 41 53 53 73 79 69 70 53 40 60 71 54 80 42 50 80 48 50 74 61 54 42 80 55 58 63 57 40 58 67 59 47 73 57 50 46 62 50 42 67 77 42 70 45 48 71 57 68 72 74 68 52 79 72 71 65 62 58 75 45 78 43 72 73 65 43 52 44 67 54 65 53 44 46 71 58 59 52 50 60 58 72 68 48 48 58 68 48 42 48 59 56 77 40 65 54 66 71 60 73 53 76 65 54 57 45 42 66 47 60 61 75 71 50 76 74 60 63 66 44 67 50 74 57 52 42 50 76 45 46 77 80 68 79 44 56 51 42 48 57 56 78 79 63 54 45 42 75 75 58 77 44 59 69 63 44 69 59 63 67 77 44 64 57 63 79 40 53 53 76 50 72 75 75 70 69 54 71 77 56
64 90 52 69 17 22 61 7 3 80 54 6 42 0 39 24 49 2 63 39 83 39 98 88 69 57 41 28 27 86 15 61 64 16 86 9 73 27 3 31 95 69 73 49 55 9 13 42 6 96 75 100 37 23 92 9 76 66 84 78 89 83 78 12 85
112 0 0 0 0 0 0 0 0 0 0 0 0 0 0 0 0 0 0 0 0 0 0 0 0 0 0 0 0 0 0 0 0 0 0 0 0 0 0 0 0 0 0 0 0 0 0 0 0 0 0 0 0 0 0 0 0 0 0 0 0 0 0 0 0 0 0 0 0 0 0 0 0 0 0 0 0 0 0 0 0 0 97 0 0 0 0 0 0 0 0 0 0 0 0 0 0 0 0 0 0 0 0 0 0 0 0 0 0 0 0 0 0
137 42 56 66 42 63 39 38 54 53 42 41 43 57 60 64 55 58 46 54 43 56 54 66 53 34 43 52 45 42 38 49 45 52 56 54 38 37 40 39 61 57 53 59 47 58 41 59 60 50 58 63 55 64 53 51 60 56 63 45 45 41 39 51 48 38 44 50 42 66 42 45 44 62 56 55 49 53 65 45 45 39 52 51 44 37 50 37 36 68 43 35 53 67 46 39 66 68 58 38 66 38 46 58 62 52 36 55 38 62 34 64 40 60 48 68 46 40 51 42 49 44 36 65 48 41 48 36 61 64 59 51 63 60 62 36 36 38
133 7 67 26 95 71 21 79 20 55 43 83 18 83 59 97 81 65 79 66 84 99 49 3 90 66 12 98 49 77 91 55 23 35 23 19 95 9 37 100 71 69 48 67 36 65 50 97 78 8 29 76 77 47 79 35 81 33 54 93 69 64 28 26 43 55 74 82 72 94 3 92 28 5 91 27 58 90 69 86 3 26 61 37 58 15 64 56 37 63 14 34 81 17 30 20 46 45 31 8 42 36 50 72 89 35 48 63 81 58 61 63 66 58 15 63 85 46 87 42 7 100 27 54 75 92 2 2 73 72 68 93 27 49
2 25 0
163 66 45 48 44 52 76 72 79 62 43 59 51 65 63 47 52 74 60 71 58 53 54 73 67 63 75 61 55 63 59 51 80 77 69 84 73 47 68 48 78 81 73 45 76 45 43 47 64 59 83 48 44 81 51 85 76 55 53 58 46 75 80 73 46 61 79 61 45 44 61 83 69 59 73 64 66 80 48 60 51 43 69 44 68 66 83 80 68 78 58 49 79 66 52 83 63 58 51 47 51 79 53 74 51 74 81 48 70 63 58 72 59 81 57 86 50 84 49 84 71 76 46 50 68 85 54 74 80 49 80 66 77 51 64 46 47 59 52 53 65 69 58 49 71 64 61 53 72 81 65 74 71 74 61 57 67 66 52 65 56 43 84 74
122 56 65 56 72 57 58 64 56 50 64 50 61 39 71 71 69 45 47 62 39 38 57 59 39 48 74 57 64 48 45 50 43 41 72 47 44 73 45 38 55 59 63 37 56 60 48 39 63 53 70 48 67 37 73 39 46 41 41 68 69 68 69 71 67 53 48 68 65 53 41 49 69 46 65 42 49 53 57 67 64 60 55 44 52 54 43 61 52 42 65 73 52 51 60 69 44 37 71 55 55 53 40 37 70 67 41 57 60 45 58 70 64 38 73 62 73 42 45 66 39 40 47
156 90 83 77 88 87 66 91 61 87 89 82 50 60 88 86 63 52 79 63 78 84 64 81 66 58 64 86 77 51 46 71 66 89 77 63 76 62 70 56 70 89 56 79 84 78 92 58 52 49 60 61 90 76 57 54 58 65 48 74 90 86 80 66 92 50 66 57 92 65 62 49 62 81 70 65 74 52 65 61 68 76 48 83 63 87 90 59 92 62 63 78 72 57 59 61 72 76 70 74 87 66 75 68 50 54 47 49 89 70 57 85 78 90 69 66 51 73 84 48 54 77 83 80 80 57 80 67 67 76 47 89 50 56 47 55 49 85 77 83 47 67 49 69 82 60 53 57 50 50 46 58 54 62 74 53 48
174 20 47 25 99 46 40 33 32 28 28 25 74 88 13 6 52 12 15 33 37 43 33 36 12 74 47 81 72 25 2 7 3 76 87 86 91 1 43 57 25 42 50 73 12 30 72 90 79 22 75 68 95 74 1 78 99 35 53 30 79 14 54 19 16 46 100 71 69 56 6 21 99 87 35 20 28 8 10 51 26 14 19 96 25 16 90 53 76 81 44 23 36 39 60 78 18 98 16 38 65 38 12 98 71 40 70 45 38 11 60 28 19 23 92 20 11 47 68 50 14 23 39 73 28 61 42 57 52 79 80 68 67 95 85 76 11 96 93 56 43 6 67 37 67 22 84 23 38 27 77 44 5 62 8 45 31 89 16 93 61 50 59 47 16 81 66 6 63 68 20 24 28 50 25
190 0 0 0 0 0 0 0 0 0 0 0 0 0 0 0 0 0 0 0 0 0 0 0 0 0 0 0 0 0 0 0 0 0 0 0 0 0 0 0 0 0 0 0 0 0 0 0 0 0 0 0 0 0 0 0 0 0 0 0 0 0 0 0 0 0 0 0 0 0 0 0 0 0 0 0 0 0 0 0 0 0 0 0 0 0 0 0 0 0 0 0 0 0 0 0 0 0 0 54 0 0 0 0 0 0 0 0 0 0 0 0 0 0 0 0 0 0 0 0 0 0 0 0 0 0 0 0 0 0 0 0 0 0 0 0 0 0 0 0 0 0 0 0 0 0 0 0 0 0 0 0 0 0 0 0 0 0 0 0 0 0 0 0 0 0 0 0 0 0 0 0 0 0 0 0 0 0 0 0 0 0 0 0 0 0 0 0 0 0 0
166 65 95 18 39 44 64 13 1 14 34 39 97 15 2 10 58 3 68 70 53 23 56 56 62 22 91 24 12 55 43 5 61 73 42 35 60 14 48 100 15 5 69 25 43 38 97 81 69 46 79 6 78 56 14 25 23 23 60 43 1 49 64 89 72 98 97 10 99 40 96 74 37 31 66 91 77 21 26 75 19 21 6 25 18 47 77 24 4 44 53 51 95 80 93 7 81 7 87 67 32 22 0 28 1 22 5 65 53 39 62 19 4 39 68 44 23 57 58 2 93 39 72 71 68 11 20 2 25 69 59 58 43 63 22 17 61 69 25 19 92 74 79 85 13 65 7 30 6 76 95 82 87 31 85 83 2 44 58 24 71 59 32 32 44 30 88
2 53 9
164 0 0 0 0 0 0 0 0 0 0 0 0 0 0 0 0 0 0 0 0 0 0 0 0 0 0 0 0 0 0 0 0 0 0 0 0 0 0 0 0 0 0 0 0 0 0 0 0 0 0 0 0 0 0 0 0 0 0 0 0 0 0 0 0 0 0 0 0 0 0 0 0 0 0 0 0 0 0 0 0 0 0 0 0 0 0 0 0 0 0 0 0 0 0 0 0 0 0 0 0 0 0 0 0 0 0 0 0 0 0 0 0 0 0 0 0 0 0 0 0 0 0 0 0 0 0 0 0 0 0 0 0 0 0 0 0 0 53 0 0 0 0 0 0 0 0 0 0 0 0 0 0 0 0 0 0 0 0 0 0 0 0 0 0
115 0 58 58 57 57 1 1 0 58 0 57 1 0 57 57 57 57 1 57 0 0 1 1 58 0 58 0 1 0 1 58 58 0 1 1 57 58 1 58 57 1 58 57 1 57 0 1 57 1 57 58 0 57 57 58 0 0 0 0 57 1 58 57 58 0 0 57 57 57 0 0 0 1 1 1 0 58 0 58 58 1 58 1 57 57 0 0 0 57 0 57 58 1 58 0 58 58 58 0 57 1 0 58 57 58 1 58 57 1 57 1 58 0 0 58
2 93 38
149 59 59 58 58 0 1 0 0 1 1 59 59 58 0 58 1 1 58 1 58 59 0 0 0 0 58 1 59 58 0 59 58 1 1 58 58 1 0 1 58 58 0 59 59 1 58 0 1 1 59 58 59 58 58 0 0 59 58 0 0 59 0 0 1 58 58 59 1 58 0 1 1 59 1 59 1 0 1 1 59 59 1 58 0 0 58 0 0 0 59 1 1 58 0 59 58 1 0 0 58 59 59 58 59 58 59 59 59 0 1 1 59 0 1 0 58 1 0 0 0 59 59 58 0 58 58 59 0 58 59 59 0 1 59 0 59 58 59 1 58 1 59 58 58 58 0 0 1 1
158 0 0 0 0 0 0 0 0 0 0 0 0 0 0 0 0 0 0 0 0 0 0 0 0 0 0 0 0 0 0 0 0 0 0 0 0 0 0 0 0 0 0 0 0 0 0 0 0 0 0 0 0 0 0 0 0 0 0 0 0 0 0 0 0 0 0 0 0 0 0 0 0 0 0 0 0 0 0 0 0 0 0 0 0 53 0 0 0 0 0 0 0 0 0 0 0 0 0 0 0 0 0 0 0 0 0 0 0 0 0 0 0 0 0 0 0 0 0 0 0 0 0 0 0 0 0 0 0 0 0 0 0 0 0 0 0 0 0 0 0 0 0 0 0 0 0 0 0 0 0 0 0 0 0 0 0 0 0
170 22 54 91 72 9 53 53 8 36 13 81 43 21 7 71 36 58 46 12 45 49 84 77 66 98 36 4 63 47 1 77 81 94 96 75 70 50 82 86 93 57 10 19 52 38 52 97 63 54 23 21 73 65 94 71 77 5 10 96 100 34 7 97 16 74 69 82 17 40 3 65 49 49 96 31 61 63 78 89 55 78 42 93 21 75 29 77 41 96 59 15 37 15 95 49 1 99 79 74 56 12 84 77 88 79 14 13 16 74 81 8 59 87 64 52 20 12 20 6 36 28 51 50 100 53 60 48 62 14 19 78 42 1 26 48 84 31 73 32 89 28 26 76 23 82 64 32 74 80 20 48 16 88 65 78 29 97 73 82 53 66 59 82 53 1 44 67 23 49 14
