100
3 1 5 15 13 11
3 0 8 23 22 21
3 0 3 5 27 25
2 2 1 4 19
2 0 3 9 1
3 3 1 25 18 21
3 0 1 30 19 25
3 0 10 2 11 22
3 1 6 15 15 15
3 2 0 9 25 1
3 0 4 24 22 20
3 3 3 21 13 28
3 0 0 6 18 0
2 2 10 18 11
3 0 7 25 6 19
3 0 1 9 8 8
3 0 8 26 6 21
2 0 10 30 30
3 0 10 30 26 29
1 0 8 8
1 0 10 21
2 2 3 20 2
3 0 8 29 18 20
1 0 2 2
3 1 5 11 24 11
1 0 9 15
2 0 8 20 29
2 1 7 17 17
3 0 4 9 6 8
2 1 6 15 20
2 1 1 4 0
2 2 2 3 7
3 3 2 5 21 6
2 0 0 30 30
1 0 0 0
2 1 5 29 2
3 2 0 20 29 21
1 0 8 6
1 0 7 4
2 2 5 22 25
2 0 10 22 21
3 3 6 27 26 24
1 1 7 4
3 2 5 14 9 6
3 3 8 22 2 12
2 0 1 0 0
1 1 10 10
1 0 8 21
2 0 2 18 20
1 0 10 25
1 1 1 22
3 0 1 0 3 5
1 0 6 20
2 0 5 5 15
3 0 6 14 14 14
2 2 3 5 3
1 0 10 27
2 2 3 6 12
2 0 6 4 11
1 1 7 7
2 0 2 2 1
3 0 1 2 13 26
3 0 7 0 15 8
1 1 6 22
3 0 2 6 21 4
1 1 3 20
2 0 9 29 17
3 0 2 15 3 24
1 0 8 20
3 0 5 12 12 14
3 1 8 21 21 20
1 0 3 3
2 0 2 30 14
1 1 5 14
2 0 9 23 23
1 0 2 3
2 1 9 16 18
3 0 8 21 5 21
2 0 3 2 0
3 3 1 26 18 9
2 0 3 24 1
1 0 2 3
1 0 0 0
3 1 8 19 30 29
1 1 7 18
2 0 6 30 15
2 0 6 14 4
3 0 5 21 24 15
2 0 7 4 23
2 2 6 6 13
2 0 6 14 15
1 0 9 27
2 0 5 30 29
1 0 0 29
1 1 1 23
2 0 10 3 16
3 1 3 14 20 5
2 0 5 11 12
3 0 3 16 6 17
3 0 6 20 21 14