100
2
0 1
0 2
3
2 2
0 0
4 4
1
1 1
5
0 5
0 1
1 1
4 7
5 6
8
2 4
1 4
7 11
0 0
4 11
7 14
7 10
11 12
1
0 1
3
0 5
0 2
0 2
8
1 6
11 14
4 10
0 5
12 15
3 9
2 8
7 13
7
8 12
0 3
1 4
7 8
1 5
6 6
8 13
4
1398 1493
308 1033
438 1188
221 844
10
0 8
0 5
0 3
0 10
0 19
0 2
0 4
0 3
0 1
0 2
8
5 7
13 15
3 10
3 7
0 5
2 11
0 13
5 11
4
2 5
0 6
1 7
2 5
5
6 7
4 7
0 6
0 2
3 6
9
4 10
8 9
1 11
2 7
5 6
3 16
12 14
0 13
15 17
3
0 0
0 4
4 4
10
9 9
7 18
13 15
4 9
3 4
9 13
1 8
1 18
9 15
1 3
9
0 14
8 10
10 17
10 15
1 1
8 10
1 3
1 13
1 8
8
630 987
386 623
1415 1748
31 1432
944 969
61 608
25 98
616 1176
1
0 1
9
1 7
0 1
1 12
6 12
10 10
7 10
1 5
7 10
12 14
10
14 15
7 15
2 5
13 16
2 9
0 5
3 11
1 19
8 9
11 12
5
7 8
1 1
3 3
0 7
0 8
5
0 8
3 5
4 7
1 9
2 6
7
0 10
7 11
1 7
1 4
2 13
5 7
5 12
2
0 0
1 1
8
4 4
0 1
10 15
7 11
2 3
12 13
4 7
7 12
2
1 2
0 1
9
0 8
8 16
1 10
1 13
1 18
1 12
1 7
0 12
10 13
3
0 1
0 5
0 2
1
258 682
4
2 4
0 4
4 7
0 2
8
2 13
0 8
5 6
2 2
8 8
14 15
0 8
8 11
5
33 42
771 794
201 880
1831 1877
1527 1546
9
14 14
3 8
8 11
2 14
0 4
0 7
6 14
12 14
3 8
3
1 5
1 5
0 0
7
0 7
0 3
0 6
0 7
0 1
0 5
0 13
1
0 1
2
0 3
1 2
4
5 7
1 1
0 1
5 5
3
2 4
2 5
0 2
5
7 8
4 7
2 6
2 2
0 3
6
3 11
3 4
2 7
3 7
7 7
0 2
8
11 176
210 302
565 881
15 42
1313 1422
153 581
810 993
1637 1688
6
3 6
1 6
0 1
3 11
1 2
6 6
1
614 1458
4
4 6
0 3
1 2
3 6
8
10 10
7 9
2 2
1 5
6 14
14 14
0 7
0 10
5
2 4
1 3
3 7
0 9
5 8
4
5 7
3 4
0 1
2 6
7
12 12
3 9
10 10
3 7
4 5
1 6
0 7
9
0 17
0 4
0 6
0 9
0 2
0 9
0 5
0 3
0 1
7
0 1
0 2
0 5
0 6
0 6
0 4
0 13
2
0 1
3 3
8
6 7
2 13
11 13
2 2
1 5
0 12
8 8
5 13
5
2 8
6 8
1 6
3 4
0 2
2
0 1657
78 545
7
0 3
0 1
0 7
0 4
0 5
0 7
0 13
6
2 3
10 11
5 6
4 7
0 1
8 9
10
11 11
0 0
14 17
3 7
5 5
3 15
2 4
11 16
3 3
16 16
3
4 4
0 4
0 1
9
8 9
3 10
16 16
6 8
4 7
0 5
0 10
2 15
12 12
10
0 1
0 3
0 10
0 5
0 3
0 10
0 10
0 19
0 6
0 7
4
0 5
1 3
1 2
7 7
1
0 1
3
0 5
0 3
0 1
1
0 1
3
1444 1671
388 1950
371 749
4
1370 1742
727 1690
464 825
301 734
6
5 9
2 2
9 10
5 5
0 4
2 6
5
5 7
4 6
0 2
8 9
1 3
4
3 5
1 5
0 2
2 6
8
79 122
245 268
35 38
485 606
1601 1789
1111 1129
1853 1974
75 94
2
0 3
0 1
8
0 0
0 0
0 0
0 0
0 0
0 0
0 0
0 0
10
17 18
9 12
0 5
15 17
5 8
11 18
0 1
1 10
0 1
11 13
7
9 9
3 9
0 8
1 7
6 6
1 1
9 11
10
2001 2001
2001 2001
2001 2001
2001 2001
2001 2001
2001 2001
2001 2001
2001 2001
2001 2001
2001 2001
9
2 2
3 14
0 9
6 10
3 9
16 16
1 4
13 15
10 10
4
6 6
0 1
3 4
2 3
6
3 7
8 9
3 7
7 7
0 0
0 0
3
1142 1369
206 601
287 620
7
1 3
0 4
6 7
11 13
2 5
9 10
8 12
5
7 9
5 8
4 6
0 3
1 2
2
0 1
0 3
7
10 13
6 9
0 1
1 2
1 8
8 10
5 8
4
0 2
0 3
0 7
0 1
3
2 3
0 2
2 2
10
4 13
13 14
3 9
3 14
4 18
0 16
16 16
2 4
1 1
10 11
1
331 563
6
0 9
1 2
3 5
4 7
10 11
6 8
10
0 9
0 19
0 7
0 3
0 10
0 7
0 8
0 1
0 4
0 2
1
0 1
4
3 4
7 7
0 1
1 2
5
0 1
4 5
2 8
6 9
3 7
5
6 9
7 8
2 4
0 5
0 3
9
1 2
12 13
7 11
11 16
2 4
0 3
14 14
2 7
6 10
10
1 9
5 15
2 6
4 12
11 13
7 19
0 8
14 17
3 10
16 18
4
1 2
3 3
0 3
2 4
1
0 1
