100
2
0 1
0 2
3
2 2
0 0
4 4
1
1 1
5
0 5
0 1
1 1
4 7
5 6
5
6 7
0 4
0 7
5 7
1 3
6
0 8
1 2
4 9
10 11
3 7
5 6
2
0 2
0 3
6
8 11
7 9
4 5
2 6
0 1
3 10
3
576 659
426 917
180 553
5
0 6
2 6
4 9
1 2
5 6
2
0 1
0 2
9
8 10
5 9
11 11
0 3
2 15
4 4
0 15
13 14
6 11
4
0 0
0 0
0 0
0 0
5
0 2
0 5
0 4
0 9
0 1
3
3 3
0 0
3 5
2
0 3
0 1
5
0 3
3 8
3 8
3 8
0 0
3
0 2
4 4
1 4
7
12 12
0 2
0 3
3 4
11 11
6 9
4 4
1
654 1567
3
1 5
1 1
0 5
3
3 3
3 5
0 0
8
0 5
0 4
0 4
0 3
0 6
0 15
0 1
0 2
3
1163 1382
3 9
185 189
6
6 9
1 10
7 7
0 4
3 6
2 4
7
12 13
8 9
2 7
0 11
5 10
1 3
4 6
6
1 12
7 7
4 6
1 4
3 9
0 9
4
0 3
2 6
4 4
1 6
7
9 12
8 11
0 1
10 13
3 5
2 7
4 6
9
0 1
0 3
0 8
0 8
0 5
0 17
0 8
0 3
0 2
1
0 1
6
0 9
3 6
1 2
10 11
4 7
5 8
10
0 10
0 2
0 19
0 6
0 9
0 6
0 2
0 1
0 4
0 2
1
0 1
4
3 6
0 7
4 5
1 2
3
0 5
0 1
0 3
3
1 4
4 4
0 2
10
2 7
0 18
16 16
9 13
6 11
8 11
1 15
4 9
8 18
2 4
2
1402 1892
244 1030
3
2 2
4 5
0 1
1
0 1
2
2 3
0 1
3
1 4
1 4
0 1
4
0 4
5 5
0 3
2 4
4
5 7
2 3
2 3
0 5
7
216 990
557 564
442 852
1153 1294
113 153
1013 1396
916 1688
2
0 1
2 3
6
8 9
3 4
5 6
7 11
0 2
0 10
9
2 14
8 15
2 10
1 8
0 10
4 14
7 9
2 5
12 15
7
534 818
771 1758
315 1370
66 1017
572 1540
429 772
411 751
8
7 12
14 14
5 12
3 7
2 5
2 5
0 0
7 11
1
0 1
9
91 474
470 1184
1151 1693
14 157
374 649
65 1498
286 656
65 1438
46 1083
7
0 6
0 2
0 13
0 2
0 1
0 3
0 2
8
6 9
3 5
11 13
11 13
0 9
0 4
3 7
8 9
2
3 3
0 1
9
6 9
12 17
1 8
0 3
4 15
10 14
2 7
5 11
13 16
10
0 9
0 8
0 9
0 7
0 5
0 10
0 1
0 7
0 9
0 19
6
6 11
5 9
4 8
1 3
0 1
5 9
9
4 11
3 8
6 9
2 7
10 15
5 16
1 13
12 17
0 14
9
7 12
9 12
2 10
3 6
13 15
5 12
0 0
3 5
5 12
3
0 3
1 4
2 3
4
0 4
0 2
0 1
0 7
10
7 12
0 1
5 15
8 16
10 13
2 3
15 18
8 11
14 16
1 3
10
0 2
0 3
0 4
0 7
0 8
0 19
0 10
0 1
0 2
0 5
5
8 8
0 5
0 0
5 5
1 7
5
732 889
395 940
534 1477
295 1040
716 1948
10
2001 2001
2001 2001
2001 2001
2001 2001
2001 2001
2001 2001
2001 2001
2001 2001
2001 2001
2001 2001
8
6 10
3 14
2 6
1 9
12 12
2 14
0 2
6 11
7
2 4
3 11
0 6
1 10
7 8
5 9
12 13
4
1 3
1 5
1 3
0 1
9
7 10
13 14
9 10
0 13
3 11
4 11
1 1
3 13
4 5
9
11 630
212 1747
454 740
321 1342
430 1368
28 302
987 1049
387 1556
2 34
7
4 12
2 4
1 7
3 4
10 13
7 11
0 6
9
12 15
3 8
5 8
10 15
7 12
1 10
0 7
3 10
0 17
5
1 4
4 7
6 9
0 0
3 9
9
5 9
0 10
4 6
7 12
8 14
3 11
1 2
13 15
16 17
1
0 1
8
4 6
3 8
8 12
0 0
7 8
11 12
12 12
2 4
10
0 2
7 14
11 14
15 17
8 9
4 5
2 17
0 7
11 14
4 15
3
0 3
3 3
0 5
6
208 290
201 491
214 379
443 599
1 7
1306 1448
2
2 2
0 1
7
1 3
8 10
3 5
3 5
10 11
3 5
0 3
4
2 2
2 7
0 5
0 7
1
0 1
6
4 5
7 9
2 2
0 9
1 5
8 9
3
2 3
3 3
0 2
9
2 10
0 4
0 3
4 10
8 9
8 12
4 11
4 16
10 17
7
4 10
1 2
6 9
2 13
0 9
8 12
4 6
8
6 15
9 12
0 3
5 13
1 2
10 11
7 14
4 8
10
1 6
1 14
12 15
1 19
1 8
2 2
7 14
13 16
1 6
8 12
7
0 7
0 6
0 13
0 1
0 7
0 3
0 2
5
4 7
0 2
1 4
6 6
3 7
8
7 11
6 13
2 6
0 9
5 12
3 10
14 15
2 3
8
0 5
10 14
11 12
5 12
0 2
5 7
9 14
2 7
10
0 7
0 8
0 10
0 19
0 10
0 5
0 2
0 1
0 2
0 10
8
6 11
11 15
0 5
8 8
6 10
2 3
1 3
8 10
1
0 2
6
794 1391
1144 1642
939 1593
7 428
8 502
1255 1379
