100
2
0 1
0 2
3
2 2
0 0
4 4
1
1 1
5
0 5
0 1
1 1
4 7
5 6
6
0 6
0 5
0 5
0 1
0 11
0 5
1
0 1
10
2001 2001
2001 2001
2001 2001
2001 2001
2001 2001
2001 2001
2001 2001
2001 2001
2001 2001
2001 2001
2
2 2
0 0
4
2 5
7 7
0 2
1 4
8
7 8
3 8
0 11
0 6
13 15
0 3
3 7
11 14
9
15 16
6 13
3 4
6 14
10 17
0 6
4 6
0 9
0 12
6
0 3
5 8
4 6
7 11
9 10
1 2
1
0 2
9
0 7
0 11
11 12
10 12
7 13
1 5
5 13
7 11
1 1
7
852 1791
39 176
945 1331
864 1311
633 1864
858 868
19 1940
6
6 8
3 11
1 8
5 11
0 3
1 5
8
1 12
2 9
3 5
1 1
4 12
12 12
8 10
0 10
2
0 3
1 2
7
10 10
0 2
5 10
1 8
1 10
5 8
6 6
6
5 9
2 5
5 7
0 2
9 9
1 4
8
2 9
1 11
0 12
8 13
2 3
14 15
6 10
2 6
10
64 212
274 543
468 911
1033 1141
656 1013
1289 1712
1098 1299
823 1774
53 132
24 122
4
0 2
1 4
3 7
2 7
5
4 7
3 9
3 7
0 5
1 5
5
0 1
0 9
0 5
0 5
0 2
7
1 7
4 10
10 10
3 7
0 11
2 2
5 10
1
0 1
4
740 1917
856 938
172 246
16 17
3
0 1
4 4
2 4
4
0 7
0 1
0 2
0 3
2
2 3
0 2
7
3 8
4 8
8 13
0 2
5 8
0 3
5 8
10
0 4
7 7
16 17
12 19
3 14
1 16
7 10
12 14
2 7
1 1
9
10 14
1 11
7 13
0 3
7 13
1 12
3 4
14 16
4 4
6
7 9
0 11
3 10
4 6
1 8
2 5
9
2 3
8 12
16 17
0 11
7 13
10 15
1 4
9 14
5 6
8
1 3
0 8
7 10
14 15
12 13
4 6
2 9
5 11
5
1 4
0 4
2 5
1 4
6 8
6
4 8
10 11
0 4
0 2
4 9
0 6
5
0 1
0 9
0 2
0 5
0 5
7
1 3
6 6
2 5
10 13
9 9
10 10
0 3
4
448 1988
475 972
540 1993
160 162
9
14 16
14 15
2 5
0 6
1 7
6 9
9 9
0 1
9 14
10
22 641
102 651
168 198
269 755
1 212
365 812
1135 1183
1112 1704
1283 1934
646 1067
1
414 545
7
491 1558
880 913
11 975
106 641
138 336
849 930
203 349
3
1 2
0 1
2 5
1
0 0
4
0 4
0 3
0 1
0 7
2
0 3
0 1
6
1 7
2 4
0 10
6 10
3 3
7 7
7
5 11
5 7
0 13
8 8
1 5
2 11
3 4
9
0 6
3 6
3 12
13 17
0 12
0 5
6 9
11 17
9 11
5
6 7
5 8
1 4
2 3
0 9
1
0 2
2
1 3
0 2
5
3 4
8 9
0 1
6 7
2 5
3
434 575
420 632
230 1056
9
8 13
4 8
15 16
0 7
4 9
4 9
9 16
0 3
0 9
5
4 6
2 3
1 3
7 7
1 1
3
214 506
812 1301
275 614
7
8 11
1 8
11 13
0 3
4 10
4 4
1 4
10
2 6
11 13
6 16
16 18
14 15
10 16
1 6
3 3
0 10
3 6
1
0 2
8
3 12
0 2
5 12
8 8
8 11
2 4
13 13
4 7
7
2 2
8 8
1 8
0 12
5 5
8 12
0 6
5
7 7
0 5
2 8
2 8
0 3
8
0 11
9 14
0 11
0 5
1 1
2 7
11 11
7 10
9
0 1
0 5
0 4
0 2
0 8
0 9
0 17
0 4
0 6
8
6 9
14 14
2 6
8 12
8 9
1 2
0 4
7 8
8
2 11
7 11
11 11
1 13
7 11
2 5
4 5
0 2
5
0 1
0 2
0 9
0 4
0 4
4
5 6
0 1
4 5
0 3
6
0 11
0 3
0 3
0 5
0 3
0 1
4
930 1076
1575 1713
316 753
1850 1907
4
0 7
0 6
4 5
0 0
4
0 7
1 3
1 5
5 6
5
1 1
7 7
7 9
0 4
1 1
7
2 9
4 10
3 7
12 13
0 1
5 11
6 8
4
2 4
4 5
2 6
0 2
7
2 2
9 10
0 1
7 10
2 13
2 7
0 11
2
1 3
0 1
10
4 9
5 7
2 13
11 14
14 16
11 14
7 17
0 1
2 7
6 17
10
0 15
4 9
1 6
15 19
11 14
7 7
5 11
0 4
15 18
7 11
4
0 1
4 8
1 2
4 4
4
3 5
1 5
2 5
0 7
7
0 4
0 7
0 3
0 13
0 1
0 7
0 7
8
12 13
2 3
8 9
1 11
5 7
6 15
4 10
0 14
3
0 3
3 3
2 2
8
7 13
0 0
3 6
7 11
2 5
3 10
15 15
8 12
10
0 6
0 19
0 2
0 6
0 1
0 9
0 5
0 2
0 4
0 7
7
1 8
4 6
3 10
5 12
0 11
2 13
7 9
3
3 4
0 3
0 4
6
0 4
2 4
10 10
4 9
0 8
5 7
5
0 3
1 6
1 7
3 6
7 7
9
5 14
12 13
7 11
1 7
14 17
0 7
9 13
1 10
3 4
2
0 2
1 3
3
0 2
0 5
0 1
10
3 10
0 18
0 5
3 8
6 16
3 8
1 6
12 18
14 17
6 11
2
2 3
0 0
