20
2 5
0.600000 0.600000
1 20
1.000000
3 4
1.000000 0.900000 0.100000
3 42
0.000005 0.000008 0.000003
3 5
0.372348 0.069129 0.221656
3 4
1.000000 1.000000 0.411277
2 60
0.770147 0.650596
2 7
0.006708 0.814576
3 100
0.259944 0.725107 0.405736
3 10
0.904285 0.180699 0.801425
2 7
0.855752 0.163902
3 10
0.884773 0.802564 0.164691
3 17
0.232701 0.746168 0.003043
1 3
0.000007
3 10
0.156133 0.804281 0.110185
2 3
1.000000 0.999998
2 4
0.000005 0.000002
3 42
1.000000 0.999999 1.000000
1 4
0.999999
2 5
0.591766 0.369587
