50
24
2 11 10
2 5 14
0
0
0
2 3 2
2 9 21
0
0
2 17 19
0
1 22
0
2 13 7
0
0
0
2 20 12
2 15 18
0
2 4 23
0
2 8 24
2 16 1
24
2 13 2
2 15 16
1 18
2 7 20
0
2 8 3
0
1 3
0
2 17 23
2 19 6
2 21 4
0
0
0
2 24 11
0
0
0
2 5 1
0
2 9 10
2 14 12
0
24
2 3 2
1 17
1 17
1 16
1 14
2 9 18
2 5 23
0
1 8
1 13
2 15 24
2 4 22
0
0
1 19
0
0
1 8
0
1 13
2 10 20
1 16
1 14
1 19
25
1 16
1 16
1 16
1 16
1 16
1 16
1 16
1 16
1 16
1 16
1 16
1 16
1 16
1 16
1 16
0
1 16
1 16
1 16
1 16
1 16
1 16
1 16
1 16
1 16
25
1 21
1 8
1 14
1 13
1 19
1 20
0
1 12
1 17
1 24
1 22
1 7
1 23
1 5
1 3
1 1
1 15
1 16
1 18
1 25
1 10
1 6
1 2
1 4
1 9
25
1 19
1 14
2 20 15
1 1
1 24
1 15
1 17
1 22
1 21
1 9
1 2
1 8
1 12
1 6
0
1 7
1 11
1 5
1 13
1 25
1 23
1 16
1 18
1 4
1 10
25
0
1 23
2 24 12
2 13 20
2 11 17
2 14 5
1 9
2 10 25
0
1 19
0
2 8 6
0
1 1
0
2 22 7
0
2 2 4
0
0
0
1 15
0
2 16 18
1 21
25
2 10 22
1 14
2 25 8
1 20
2 13 3
1 23
1 15
1 7
1 15
1 15
1 18
1 9
2 4 12
1 15
0
2 17 21
2 11 6
1 15
1 15
1 15
2 2 1
1 15
1 15
2 5 16
1 19
24
1 21
1 8
1 15
1 7
1 13
2 23 12
0
1 16
1 17
1 22
1 9
1 18
1 1
1 2
1 24
1 7
1 10
1 3
1 14
1 19
1 4
1 5
1 11
1 20
20
0
10 5 13 17 6 16 3 18 1 7 8
0
10 5 13 17 6 16 3 18 1 7 8
0
0
0
0
10 5 13 17 6 16 3 18 1 7 8
10 5 13 17 6 16 3 18 1 7 8
10 5 13 17 6 16 3 18 1 7 8
10 5 13 17 6 16 3 18 1 7 8
0
10 5 13 17 6 16 3 18 1 7 8
10 5 13 17 6 16 3 18 1 7 8
0
0
0
10 5 13 17 6 16 3 18 1 7 8
10 5 13 17 6 16 3 18 1 7 8
50
0
2 45 37
2 17 49
2 15 32
0
0
2 14 2
0
0
2 5 42
2 22 31
0
2 12 23
0
0
0
0
0
2 41 29
2 1 25
2 39 43
0
2 24 21
0
1 30
0
2 16 46
0
2 28 50
0
2 34 48
2 40 38
0
0
0
0
2 35 13
2 18 11
0
0
0
2 8 20
2 6 44
2 47 10
0
2 36 7
0
2 9 19
2 26 4
2 33 27
50
2 6 8
2 3 40
0
2 14 2
2 33 29
0
2 43 20
2 22 36
0
2 44 31
0
2 15 4
2 17 16
0
0
2 21 32
0
0
2 47 7
2 18 13
0
1 36
2 46 42
0
2 37 26
2 27 39
0
0
2 11 12
0
2 38 19
2 30 1
0
0
2 45 48
1 9
0
0
2 34 35
2 24 41
2 49 25
2 28 10
0
0
0
0
0
2 50 23
0
0
48
1 15
2 32 13
2 47 37
0
0
2 30 8
1 48
1 5
1 45
1 25
2 19 9
1 25
1 22
1 17
0
0
0
1 4
1 45
2 7 33
2 27 39
0
1 17
2 44 42
0
0
1 16
1 15
2 40 18
1 5
2 1 28
1 22
1 48
2 38 36
2 14 23
1 43
1 26
1 43
1 16
1 4
0
1 41
0
1 41
0
2 10 12
1 26
0
50
1 15
1 15
1 15
1 15
1 15
1 15
1 15
1 15
1 15
1 15
1 15
1 15
1 15
1 15
0
1 15
1 15
1 15
1 15
1 15
1 15
1 15
1 15
1 15
1 15
1 15
1 15
1 15
1 15
1 15
1 15
1 15
1 15
1 15
1 15
1 15
1 15
1 15
1 15
1 15
1 15
1 15
1 15
1 15
1 15
1 15
1 15
1 15
1 15
1 15
50
1 10
1 25
0
1 30
1 32
1 11
1 22
1 24
1 7
1 14
1 13
1 4
1 41
1 17
1 5
1 43
1 35
1 29
1 8
1 19
1 15
1 50
1 21
1 42
1 40
1 16
1 48
1 3
1 39
1 27
1 33
1 26
1 44
1 45
1 36
1 49
1 34
1 20
1 6
1 31
1 9
1 23
1 28
1 18
1 46
1 2
1 38
1 47
1 37
1 12
50
1 11
1 33
1 1
1 8
1 44
1 36
1 6
1 21
1 39
1 34
1 28
1 24
1 3
1 45
1 35
1 17
1 19
1 32
1 25
1 27
1 20
1 18
1 49
1 31
1 12
1 2
1 26
1 10
1 37
1 4
1 7
1 23
1 13
1 41
1 46
1 47
1 15
1 43
1 38
2 30 45
1 48
1 16
1 42
1 14
0
1 22
1 5
1 50
1 9
1 29
50
0
0
0
1 25
2 13 14
1 37
2 21 45
2 38 46
2 31 40
0
2 17 35
2 16 8
0
0
2 43 24
2 19 23
1 1
0
1 36
1 10
2 4 47
0
1 18
2 12 7
0
1 42
1 28
0
2 6 9
0
0
2 34 26
2 41 20
1 2
1 48
0
0
1 3
2 11 29
0
1 30
0
2 44 39
2 32 33
2 27 5
2 22 50
1 49
0
0
0
50
1 11
1 11
1 4
1 11
1 47
1 32
1 11
2 10 50
2 19 34
1 11
0
1 43
1 17
2 41 35
2 26 46
1 11
1 11
1 11
1 2
1 28
2 5 25
1 11
1 11
2 15 33
1 7
2 40 20
2 36 30
1 11
2 48 14
1 42
1 11
1 11
2 21 39
1 16
2 44 8
1 23
2 29 24
1 18
2 3 45
1 49
2 12 13
1 11
1 11
1 31
2 22 1
2 38 6
1 11
2 27 9
1 11
1 11
50
1 36
1 20
1 34
1 47
1 37
1 22
1 31
1 29
1 3
1 14
1 13
1 39
1 35
1 44
1 38
1 21
1 43
1 19
1 41
1 32
1 2
1 26
1 40
1 17
0
1 50
2 49 5
1 42
1 28
1 25
1 12
1 24
1 4
1 15
1 10
1 6
1 7
1 23
1 33
1 46
1 8
1 11
1 30
1 25
1 48
1 45
1 1
1 18
1 9
1 16
50
10 28 49 21 35 45 38 4 48 11 14
10 28 49 21 35 45 38 4 48 11 14
10 13 10 24 39 41 44 50 25 30 27
0
10 36 8 37 3 40 32 42 31 12 34
10 28 49 21 35 45 38 4 48 11 14
10 36 8 37 3 40 32 42 31 12 34
10 13 10 24 39 41 44 50 25 30 27
10 28 49 21 35 45 38 4 48 11 14
10 6 23 9 22 43 18 2 16 1 20
0
10 13 10 24 39 41 44 50 25 30 27
10 6 23 9 22 43 18 2 16 1 20
0
10 36 8 37 3 40 32 42 31 12 34
10 28 49 21 35 45 38 4 48 11 14
10 36 8 37 3 40 32 42 31 12 34
10 28 49 21 35 45 38 4 48 11 14
10 36 8 37 3 40 32 42 31 12 34
10 28 49 21 35 45 38 4 48 11 14
0
10 28 49 21 35 45 38 4 48 11 14
10 28 49 21 35 45 38 4 48 11 14
10 6 23 9 22 43 18 2 16 1 20
10 6 23 9 22 43 18 2 16 1 20
10 36 8 37 3 40 32 42 31 12 34
10 6 23 9 22 43 18 2 16 1 20
0
10 36 8 37 3 40 32 42 31 12 34
10 6 23 9 22 43 18 2 16 1 20
10 13 10 24 39 41 44 50 25 30 27
10 13 10 24 39 41 44 50 25 30 27
10 36 8 37 3 40 32 42 31 12 34
10 13 10 24 39 41 44 50 25 30 27
0
10 13 10 24 39 41 44 50 25 30 27
10 13 10 24 39 41 44 50 25 30 27
0
10 6 23 9 22 43 18 2 16 1 20
10 13 10 24 39 41 44 50 25 30 27
10 6 23 9 22 43 18 2 16 1 20
10 13 10 24 39 41 44 50 25 30 27
10 28 49 21 35 45 38 4 48 11 14
10 6 23 9 22 43 18 2 16 1 20
0
10 36 8 37 3 40 32 42 31 12 34
10 36 8 37 3 40 32 42 31 12 34
0
0
10 6 23 9 22 43 18 2 16 1 20
5
1 5
0
1 4
0
2 3 4
5
1 3
2 3 4
0
0
1 2
5
0
2 5 1
1 4
1 1
0
5
0
1 1
0
1 1
2 3 4
5
1 3
1 1
0
2 1 3
0
48
0
0
3 28 26 31
1 3
0
0
3 11 23 17
0
1 25
0
1 13
0
1 9
0
1 11
2 47 26
3 38 34 25
1 5
0
1 5
0
1 43
0
0
0
1 29
2 32 38
2 45 47
1 22
1 2
0
0
2 10 21
0
0
1 43
5 24 22 45 12 5
4 33 12 5 18
2 35 10
0
1 5
3 17 43 29
3 9 8 45
1 31
0
0
0
0
41
3 14 12 17
2 36 5
1 16
2 36 3
1 36
1 11
4 24 11 31 26
1 27
0
0
1 36
2 14 11
0
1 37
0
0
1 34
2 39 29
2 15 3
0
2 5 15
0
1 27
1 16
0
0
1 22
0
0
1 37
1 11
2 18 8
1 32
0
1 37
1 41
0
0
5 16 38 13 5 9
0
0
45
4 11 8 37 39
0
1 34
1 15
0
0
2 19 45
1 4
1 44
2 18 7
0
0
0
0
0
0
0
0
0
3 37 44 13
1 11
0
0
1 14
0
2 28 18
1 13
0
3 3 44 14
0
0
1 30
1 42
1 25
0
2 2 5
1 6
5 43 27 8 45 24
2 24 14
4 13 7 11 44
1 34
1 7
3 14 44 25
0
0
45
2 3 30
2 37 17
2 24 43
3 40 34 26
1 43
0
0
0
1 28
0
0
1 16
2 6 11
1 30
5 3 13 6 45 32
1 30
0
1 26
2 16 17
1 30
2 9 37
1 40
2 34 13
0
1 32
1 33
0
1 11
2 13 27
1 41
0
0
1 31
0
1 40
2 12 9
0
1 19
3 40 24 17
0
1 32
0
0
0
0
50
0
2 15 38
3 32 38 27
0
0
1 8
0
0
0
0
4 15 24 47 13
0
2 25 17
4 45 2 12 11
0
0
0
2 2 28
1 46
1 11
0
0
0
1 9
0
0
0
2 13 6
2 41 16
2 14 48
0
2 46 24
3 49 8 2
1 46
0
3 8 37 16
0
1 46
1 2
1 37
1 49
0
4 24 37 45 41
3 15 43 19
0
0
1 31
1 13
1 31
0
42
0
1 30
0
0
2 20 36
0
0
0
2 18 26
0
4 13 38 39 1
4 11 33 10 3
2 1 32
0
3 8 28 33
2 11 2
0
1 8
0
0
2 10 34
0
0
4 10 7 5 32
0
0
1 35
0
0
0
0
1 20
2 20 7
1 4
0
1 7
2 17 7
0
0
2 7 3
2 38 4
3 34 5 39
41
3 37 24 8
1 26
2 37 19
0
0
0
0
0
1 36
0
2 31 39
2 22 18
3 6 19 2
1 7
1 14
0
1 38
0
2 22 16
1 36
1 18
0
0
3 22 18 11
2 9 12
1 41
0
1 27
3 35 25 22
1 7
0
0
2 38 28
1 7
2 27 13
0
0
1 16
0
3 12 23 26
0
48
0
2 6 9
4 47 48 21 44
0
0
1 45
1 4
2 4 25
1 14
0
3 6 23 21
0
0
0
0
0
0
1 24
0
0
0
1 34
0
0
0
2 10 21
1 34
0
0
0
0
2 43 38
1 17
0
0
0
1 42
1 34
0
2 31 41
2 31 45
0
0
1 42
0
1 20
0
2 36 28
50
0
0
0
1 7
0
0
0
0
1 14
1 31
0
2 43 34
2 43 20
0
1 12
0
0
0
1 49
1 29
1 48
1 11
0
1 3
0
1 38
0
1 37
0
0
0
0
1 22
1 50
0
2 18 48
0
1 3
0
2 8 23
1 37
1 39
0
3 31 43 49
3 24 46 1
0
0
1 35
1 5
1 6
42
1 16
0
0
0
0
1 37
0
1 35
1 4
0
1 27
0
1 5
1 42
0
1 12
0
3 34 11 2
0
1 5
0
1 1
1 11
0
0
2 4 35
0
0
1 31
1 42
0
0
0
1 17
1 27
3 42 25 32
0
2 28 32
0
1 31
2 36 31
0
49
0
1 28
0
0
0
1 12
1 14
0
0
1 27
0
0
0
1 37
1 24
2 33 6
2 21 26
2 37 11
3 27 26 38
0
3 7 48 12
0
0
0
2 32 18
0
1 37
0
0
0
0
1 37
0
0
2 48 33
1 8
0
0
0
0
2 40 1
1 8
0
0
1 12
1 27
1 6
1 28
0
50
0
0
0
0
0
0
1 38
0
0
1 21
0
0
2 50 43
1 8
0
1 3
1 27
2 31 20
3 25 46 50
1 16
0
1 1
0
1 25
3 5 9 21
0
0
1 36
1 50
0
1 15
0
2 24 7
0
0
0
0
1 1
0
0
0
1 7
1 21
0
0
1 25
2 27 21
2 34 40
2 23 5
0
43
0
0
0
1 31
0
0
0
0
0
2 17 39
0
2 8 20
2 9 27
1 27
2 2 3
1 32
0
1 24
2 35 41
0
0
1 3
1 15
0
1 3
2 35 40
0
1 34
3 3 41 4
0
0
0
0
0
1 32
0
0
0
0
0
1 21
3 16 30 3
0
47
2 25 27
0
0
2 3 35
1 8
1 46
1 34
0
0
0
0
0
1 12
1 3
0
0
3 38 7 46
0
1 47
0
1 45
1 12
1 18
2 22 27
0
0
1 38
1 6
0
0
0
0
1 12
0
0
0
0
0
2 3 12
1 23
2 12 26
0
1 18
0
1 19
3 36 37 19
0
40
0
2 40 15
2 30 14
0
0
0
0
0
2 17 25
0
2 9 21
1 26
0
1 40
1 21
0
1 4
2 14 27
1 40
1 8
1 10
2 36 27
0
0
0
0
0
1 4
0
2 13 10
0
1 20
0
0
0
0
2 27 22
0
1 13
0
40
2 21 33
0
1 31
1 31
0
0
0
1 24
0
1 11
0
0
1 6
2 5 13
1 25
0
2 31 20
1 8
1 20
0
0
0
0
1 7
0
0
0
0
1 6
1 31
1 6
4 24 29 12 18
0
1 14
0
0
1 17
1 39
0
1 24
42
1 38
2 12 19
1 41
0
0
2 37 17
0
0
1 18
2 34 25
1 30
1 33
0
0
0
1 9
1 33
0
1 14
0
1 9
0
0
3 29 19 22
2 9 21
0
0
1 33
0
1 5
0
1 38
0
0
0
1 12
2 16 18
0
0
1 16
0
1 18
42
0
0
0
2 14 32
1 2
0
0
1 36
1 3
1 14
0
0
0
0
0
0
0
1 11
0
0
0
3 38 14 23
1 41
0
0
1 17
0
1 27
2 28 40
1 16
0
0
1 40
2 6 9
2 8 14
1 42
2 42 31
0
1 11
1 41
1 20
1 31
50
0
0
0
0
1 4
0
0
1 27
1 26
0
0
0
0
0
1 12
0
0
1 45
1 39
0
0
0
0
1 4
0
0
0
0
0
0
0
0
1 26
0
0
0
0
0
0
1 1
0
0
2 26 48
1 34
0
1 17
0
2 15 30
0
1 28
43
1 5
0
2 14 29
0
2 9 14
0
0
0
0
0
0
0
0
0
1 33
0
0
0
0
0
0
1 9
0
0
1 18
0
0
1 29
0
0
1 35
2 42 10
0
0
0
0
0
0
1 5
1 3
0
0
0
41
0
0
1 28
0
1 21
1 32
0
0
1 39
0
0
0
0
0
0
1 29
1 28
0
0
0
2 37 35
1 11
0
0
0
0
0
0
1 15
0
0
1 19
0
0
0
0
1 2
0
0
0
1 18
49
0
2 18 26
1 24
0
1 12
0
3 35 18 13
0
1 35
1 14
0
0
0
0
1 39
0
0
0
0
0
0
0
0
0
1 1
0
0
0
0
0
1 37
0
1 47
0
0
0
0
1 1
0
0
1 30
0
0
0
0
1 23
0
0
0
49
1 5
1 46
0
0
0
0
0
1 11
1 16
1 35
0
1 43
1 47
0
0
0
1 35
0
1 42
0
1 19
1 44
1 24
0
1 11
1 27
0
0
0
0
0
0
0
0
0
0
0
1 11
0
0
0
0
0
0
1 37
0
0
0
0
48
1 34
0
1 10
0
1 2
0
0
0
0
0
0
0
0
1 45
0
1 10
1 24
0
1 41
0
0
1 41
1 10
0
0
0
1 15
2 45 26
0
0
1 41
0
0
0
0
0
1 27
0
0
0
0
0
2 10 4
0
0
0
0
0
44
0
0
2 35 17
0
0
1 35
0
0
1 1
0
0
0
1 21
0
0
2 40 23
0
0
0
0
0
0
1 37
1 33
1 21
0
0
0
0
0
1 37
0
1 26
0
0
0
0
0
2 41 33
0
0
0
0
0
